NO_OF_FRAMES	1354			
NO_OF_DATA_TYPES	3			
FREQUENCY	300			
TIME_STAMP	"2024-08-12, 14:39:53"			
DATA_INCLUDED	Position			
DATA_TYPES	L_TH4dat_X	L_TH4dat_Y	L_TH4dat_Z	
				
Frame	Time	L_TH4dat_X	L_TH4dat_Y	L_TH4dat_Z
477	1.58667	301.38	203.619	44.757
478	1.59	301.433	203.618	44.876
479	1.59333	301.451	203.614	45.004
480	1.59667	301.491	203.606	45.154
481	1.6	301.531	203.572	45.389
482	1.60333	301.556	203.609	45.558
483	1.60667	301.559	203.633	45.776
484	1.61	301.574	203.657	45.987
485	1.61333	301.623	203.659	46.178
486	1.61667	301.659	203.757	46.391
487	1.62	301.701	203.803	46.633
488	1.62333	301.741	203.802	46.846
489	1.62667	301.788	203.826	47.063
490	1.63	301.801	203.821	47.307
491	1.63333	301.815	203.846	47.544
492	1.63667	301.778	203.816	47.787
493	1.64	301.737	203.827	48.005
494	1.64333	301.713	203.857	48.346
495	1.64667	301.699	203.892	48.58
496	1.65	301.641	203.966	48.852
497	1.65333	301.626	204.047	49.155
498	1.65667	301.58	204.084	49.398
499	1.66	301.557	204.123	49.693
500	1.66333	301.527	204.229	49.961
501	1.66667	301.536	204.318	50.271
502	1.67	301.516	204.416	50.586
503	1.67333	301.532	204.475	50.951
504	1.67667	301.523	204.544	51.278
505	1.68	301.464	204.683	51.648
506	1.68333	301.395	204.79	52.01
507	1.68667	301.316	204.812	52.362
508	1.69	301.232	204.81	52.719
509	1.69333	301.191	204.986	53.126
510	1.69667	301.192	205.132	53.514
511	1.7	301.303	205.143	53.99
512	1.70333	301.276	205.271	54.524
513	1.70667	301.182	205.453	54.994
514	1.71	301.101	205.586	55.426
515	1.71333	301.088	205.735	55.869
516	1.71667	301.02	205.852	56.356
517	1.72	300.955	206.031	56.868
518	1.72333	300.92	206.205	57.462
519	1.72667	300.883	206.355	58.012
520	1.73	300.82	206.537	58.543
521	1.73333	300.693	206.714	59.112
522	1.73667	300.534	206.903	59.634
523	1.74	300.424	207.131	60.193
524	1.74333	300.442	207.456	60.798
525	1.74667	300.448	207.625	61.476
526	1.75	300.242	207.723	62.017
527	1.75333	300.072	207.873	62.691
528	1.75667	299.944	208.175	63.354
529	1.76	299.824	208.435	64.055
530	1.76333	299.698	208.637	64.67
531	1.76667	299.567	208.946	65.332
532	1.77	299.4	209.192	66.065
533	1.77333	299.288	209.442	66.748
534	1.77667	299.147	209.674	67.495
535	1.78	298.989	210.007	68.234
536	1.78333	298.825	210.252	68.966
537	1.78667	298.708	210.495	69.626
538	1.79	298.517	210.919	70.484
539	1.79333	298.387	211.26	71.269
540	1.79667	298.178	211.541	71.968
541	1.8	297.958	211.794	72.75
542	1.80333	297.779	212.167	73.615
543	1.80667	297.588	212.456	74.398
544	1.81	297.366	212.771	75.27
545	1.81333	297.079	213.094	76.057
546	1.81667	296.828	213.52	76.867
547	1.82	296.699	213.855	77.721
548	1.82333	296.414	214.279	78.585
549	1.82667	296.175	214.555	79.443
550	1.83	295.935	214.973	80.357
551	1.83333	295.759	215.375	81.162
552	1.83667	295.501	215.796	82.003
553	1.84	295.207	216.147	83.017
554	1.84333	294.989	216.504	83.904
555	1.84667	294.7	216.85	84.831
556	1.85	294.405	217.189	85.692
557	1.85333	294.039	217.636	86.679
558	1.85667	293.861	218.091	87.597
559	1.86	293.547	218.542	88.638
560	1.86333	293.241	218.917	89.465
561	1.86667	292.913	219.386	90.483
562	1.87	292.817	219.653	91.588
563	1.87333	292.578	220.019	92.496
564	1.87667	292.181	220.593	93.495
565	1.88	291.829	221.13	94.44
566	1.88333	291.55	221.58	95.467
567	1.88667	291.257	221.905	96.541
568	1.89	290.897	222.399	97.579
569	1.89333	290.497	222.849	98.555
570	1.89667	290.176	223.282	99.541
571	1.9	289.835	223.851	100.695
572	1.90333	289.563	224.366	101.642
573	1.90667	289.19	224.915	102.796
574	1.91	288.858	225.387	103.722
575	1.91333	288.537	225.828	104.966
576	1.91667	288.138	226.337	105.935
577	1.92	287.769	226.887	106.994
578	1.92333	287.359	227.545	108.066
579	1.92667	287.107	227.975	109.248
580	1.93	286.758	228.51	110.378
581	1.93333	286.355	229.026	111.434
582	1.93667	285.973	229.533	112.589
583	1.94	285.624	230.099	113.675
584	1.94333	285.184	230.787	114.744
585	1.94667	284.806	231.314	115.984
586	1.95	284.445	231.818	117.084
587	1.95333	284.061	232.425	118.26
588	1.95667	283.681	232.987	119.358
589	1.96	283.298	233.654	120.531
590	1.96333	282.905	234.32	121.681
591	1.96667	282.575	234.824	122.782
592	1.97	282.239	235.429	123.995
593	1.97333	281.853	235.977	125.165
594	1.97667	281.466	236.534	126.355
595	1.98	281.166	237.182	127.492
596	1.98333	280.763	237.792	128.68
597	1.98667	280.338	238.482	129.831
598	1.99	280.174	238.912	131.105
599	1.99333	279.728	239.475	132.236
600	1.99667	279.445	240.199	133.452
601	2	279.107	240.766	134.471
602	2.00333	278.66	241.46	135.758
603	2.00667	278.335	241.972	136.883
604	2.01	278.066	242.76	138.238
605	2.01333	277.619	243.401	139.3
606	2.01667	277.296	244.01	140.515
607	2.02	276.912	244.56	141.7
608	2.02333	276.534	245.301	142.906
609	2.02667	276.141	245.851	144.008
610	2.03	275.722	246.525	145.2
611	2.03333	275.435	247.07	146.421
612	2.03667	275.039	247.708	147.593
613	2.04	274.729	248.382	148.802
614	2.04333	274.379	248.967	149.912
615	2.04667	274.056	249.559	151.177
616	2.05	273.643	250.27	152.404
617	2.05333	273.283	250.835	153.585
618	2.05667	273.002	251.548	154.722
619	2.06	272.581	252.137	155.937
620	2.06333	272.298	252.773	157.129
621	2.06667	271.964	253.344	158.284
622	2.07	271.704	254.194	159.646
623	2.07333	271.399	254.825	160.626
624	2.07667	271.001	255.568	161.924
625	2.08	270.734	256.119	163.031
626	2.08333	270.507	256.895	164.327
627	2.08667	270.037	257.459	165.396
628	2.09	269.717	258.168	166.603
629	2.09333	269.475	258.833	167.808
630	2.09667	269.028	259.554	169.002
631	2.1	268.673	260.166	170.201
632	2.10333	268.314	260.769	171.375
633	2.10667	268.028	261.565	172.627
634	2.11	267.64	262.147	173.75
635	2.11333	267.313	262.909	174.892
636	2.11667	267.01	263.611	176.216
637	2.12	266.709	264.347	177.445
638	2.12333	266.421	264.985	178.571
639	2.12667	266.063	265.687	179.739
640	2.13	265.88	266.384	180.972
641	2.13333	265.462	267.132	182.17
642	2.13667	265.12	267.798	183.344
643	2.14	264.789	268.416	184.592
644	2.14333	264.392	269.139	185.839
645	2.14667	264.148	269.885	187.001
646	2.15	263.779	270.578	188.116
647	2.15333	263.488	271.32	189.54
648	2.15667	263.206	271.939	190.622
649	2.16	262.751	272.767	191.853
650	2.16333	262.53	273.398	193.102
651	2.16667	262.252	274.166	194.371
652	2.17	261.921	274.97	195.588
653	2.17333	261.711	275.609	196.666
654	2.17667	261.384	276.497	198.097
655	2.18	261.029	277.143	199.181
656	2.18333	260.693	277.868	200.405
657	2.18667	260.389	278.652	201.739
658	2.19	260.175	279.366	202.92
659	2.19333	259.835	280.116	204.101
660	2.19667	259.532	280.906	205.403
661	2.2	259.24	281.602	206.656
662	2.20333	258.912	282.441	207.896
663	2.20667	258.567	283.201	209.068
664	2.21	258.37	283.89	210.399
665	2.21333	258.074	284.686	211.604
666	2.21667	257.768	285.353	212.746
667	2.22	257.458	286.267	214.136
668	2.22333	257.148	286.953	215.288
669	2.22667	256.825	287.677	216.562
670	2.23	256.565	288.471	217.786
671	2.23333	256.356	289.267	219.139
672	2.23667	256.053	290.045	220.252
673	2.24	255.724	290.852	221.482
674	2.24333	255.473	291.658	222.903
675	2.24667	255.198	292.41	224.019
676	2.25	254.762	293.182	225.251
677	2.25333	254.674	293.912	226.622
678	2.25667	254.297	294.751	227.811
679	2.26	254.003	295.47	228.967
680	2.26333	253.72	296.37	230.353
681	2.26667	253.367	297.041	231.642
682	2.27	253.144	297.822	232.88
683	2.27333	252.776	298.727	234.197
684	2.27667	252.602	299.475	235.474
685	2.28	252.256	300.227	236.648
686	2.28333	251.882	301.149	237.933
687	2.28667	251.678	301.828	239.299
688	2.29	251.36	302.656	240.546
689	2.29333	251.016	303.382	241.775
690	2.29667	250.896	304.245	243.253
691	2.3	250.523	305.014	244.366
692	2.30333	250.261	305.979	245.629
693	2.30667	249.984	306.665	246.929
694	2.31	249.658	307.442	248.262
695	2.31333	249.366	308.239	249.551
696	2.31667	249.182	309.111	250.908
697	2.32	248.897	309.852	252.152
698	2.32333	248.57	310.821	253.359
699	2.32667	248.278	311.539	254.775
700	2.33	248.005	312.251	256.04
701	2.33333	247.688	313.135	257.357
702	2.33667	247.457	313.957	258.653
703	2.34	247.226	314.73	259.996
704	2.34333	246.85	315.65	261.264
705	2.34667	246.681	316.189	262.612
706	2.35	246.324	317.139	263.943
707	2.35333	246.108	317.924	265.217
708	2.35667	245.893	318.712	266.659
709	2.36	245.574	319.561	267.938
710	2.36333	245.368	320.344	269.19
711	2.36667	245.009	321.232	270.556
712	2.37	244.748	322.047	271.722
713	2.37333	244.418	322.924	273.165
714	2.37667	244.312	323.685	274.573
715	2.38	244.041	324.467	275.808
716	2.38333	243.711	325.402	277.163
717	2.38667	243.535	326.12	278.444
718	2.39	243.165	327.051	279.832
719	2.39333	242.966	327.92	281.099
720	2.39667	242.749	328.643	282.46
721	2.4	242.415	329.603	283.801
722	2.40333	242.172	330.305	285.082
723	2.40667	241.853	331.272	286.519
724	2.41	241.544	331.985	287.726
725	2.41333	241.325	332.954	289.113
726	2.41667	241.007	333.816	290.442
727	2.42	240.793	334.562	291.741
728	2.42333	240.505	335.388	293.202
729	2.42667	240.249	336.293	294.471
730	2.43	239.99	337.179	295.802
731	2.43333	239.682	338.046	297.221
732	2.43667	239.453	338.857	298.524
733	2.44	239.222	339.75	299.948
734	2.44333	239.042	340.611	301.222
735	2.44667	238.714	341.431	302.63
736	2.45	238.504	342.24	304.034
737	2.45333	238.209	343.136	305.33
738	2.45667	237.885	344.047	306.681
739	2.46	237.753	344.757	308.021
740	2.46333	237.391	345.663	309.418
741	2.46667	237.175	346.511	310.783
742	2.47	236.956	347.439	312.162
743	2.47333	236.639	348.221	313.461
744	2.47667	236.382	349.062	314.727
745	2.48	236.139	350.023	316.307
746	2.48333	235.939	350.797	317.62
747	2.48667	235.692	351.752	318.891
748	2.49	235.503	352.599	320.407
749	2.49333	235.157	353.403	321.698
750	2.49667	234.905	354.28	323.036
751	2.5	234.736	355.254	324.569
752	2.50333	234.444	356.092	325.751
753	2.50667	234.311	356.939	327.226
754	2.51	233.965	357.915	328.68
755	2.51333	233.788	358.695	329.976
756	2.51667	233.512	359.684	331.453
757	2.52	233.251	360.526	332.769
758	2.52333	233.048	361.362	334.147
759	2.52667	232.776	362.295	335.71
760	2.53	232.532	363.103	336.958
761	2.53333	232.319	364.021	338.456
762	2.53667	232.022	364.943	339.866
763	2.54	231.729	365.83	341.242
764	2.54333	231.527	366.705	342.68
765	2.54667	231.27	367.622	344.101
766	2.55	231.006	368.554	345.554
767	2.55333	230.766	369.356	347.016
768	2.55667	230.49	370.292	348.409
769	2.56	230.217	371.221	349.822
770	2.56333	229.976	372.214	351.317
771	2.56667	229.739	372.943	352.74
772	2.57	229.52	373.809	354.224
773	2.57333	229.226	374.853	355.695
774	2.57667	229.108	375.675	357.096
775	2.58	228.695	376.587	358.576
776	2.58333	228.551	377.556	360.064
777	2.58667	228.273	378.457	361.563
778	2.59	228.05	379.325	363.01
779	2.59333	227.822	380.223	364.447
780	2.59667	227.604	381.149	365.985
781	2.6	227.266	382.2	367.456
782	2.60333	227.084	383.027	368.909
783	2.60667	226.808	383.874	370.361
784	2.61	226.535	384.941	372.051
785	2.61333	226.362	385.726	373.374
786	2.61667	226.109	386.726	374.889
787	2.62	225.865	387.63	376.479
788	2.62333	225.538	388.477	377.906
789	2.62667	225.374	389.522	379.486
790	2.63	225.069	390.459	380.903
791	2.63333	224.9	391.332	382.433
792	2.63667	224.673	392.236	384.006
793	2.64	224.325	393.142	385.428
794	2.64333	224.233	394.176	387.015
795	2.64667	223.823	395.043	388.561
796	2.65	223.65	395.989	390.03
797	2.65333	223.36	396.907	391.619
798	2.65667	223.13	397.725	393.047
799	2.66	222.947	398.729	394.75
800	2.66333	222.669	399.624	396.16
801	2.66667	222.407	400.637	397.677
802	2.67	222.147	401.485	399.284
803	2.67333	221.855	402.404	400.861
804	2.67667	221.714	403.311	402.393
805	2.68	221.48	404.237	403.91
806	2.68333	221.281	405.133	405.461
807	2.68667	221.124	406.118	407.112
808	2.69	220.77	407.069	408.615
809	2.69333	220.609	407.853	410.106
810	2.69667	220.309	408.795	411.757
811	2.7	220.172	409.692	413.319
812	2.70333	219.971	410.646	414.841
813	2.70667	219.759	411.466	416.367
814	2.71	219.484	412.424	418.032
815	2.71333	219.227	413.269	419.501
816	2.71667	219.029	414.222	421.023
817	2.72	218.815	415.123	422.677
818	2.72333	218.663	415.944	424.258
819	2.72667	218.47	416.804	425.752
820	2.73	218.284	417.693	427.316
821	2.73333	217.936	418.629	429.013
822	2.73667	217.786	419.373	430.445
823	2.74	217.567	420.284	432.035
824	2.74333	217.35	421.145	433.68
825	2.74667	217.117	422.008	435.189
826	2.75	216.959	422.769	436.731
827	2.75333	216.689	423.685	438.341
828	2.75667	216.518	424.438	439.911
829	2.76	216.332	425.424	441.56
830	2.76333	216.045	426.261	443.045
831	2.76667	215.932	427.023	444.709
832	2.77	215.587	427.983	446.227
833	2.77333	215.488	428.776	447.85
834	2.77667	215.181	429.61	449.395
835	2.78	215.069	430.459	451.02
836	2.78333	214.955	431.32	452.639
837	2.78667	214.756	432.055	454.058
838	2.79	214.579	432.929	455.864
839	2.79333	214.306	433.812	457.345
840	2.79667	214.25	434.563	458.909
841	2.8	213.958	435.414	460.552
842	2.80333	213.862	436.223	462.138
843	2.80667	213.724	437.1	463.705
844	2.81	213.528	437.904	465.312
845	2.81333	213.357	438.601	466.994
846	2.81667	213.139	439.532	468.39
847	2.82	213.122	440.332	470.109
848	2.82333	212.957	441.207	471.759
849	2.82667	212.8	441.969	473.265
850	2.83	212.637	442.772	474.878
851	2.83333	212.39	443.448	476.525
852	2.83667	212.249	444.306	478.156
853	2.84	212.077	445.033	479.665
854	2.84333	212.002	445.744	481.325
855	2.84667	211.775	446.683	482.937
856	2.85	211.645	447.412	484.496
857	2.85333	211.422	448.119	486.204
858	2.85667	211.296	448.879	487.689
859	2.86	211.147	449.644	489.331
860	2.86333	211.093	450.443	490.994
861	2.86667	210.957	451.185	492.583
862	2.87	210.821	451.964	494.18
863	2.87333	210.745	452.698	495.803
864	2.87667	210.464	453.483	497.444
865	2.88	210.36	454.163	499.047
866	2.88333	210.332	455.015	500.645
867	2.88667	210.155	455.751	502.216
868	2.89	210.129	456.501	503.884
869	2.89333	209.898	457.214	505.497
870	2.89667	209.857	457.889	507.087
871	2.9	209.706	458.629	508.735
872	2.90333	209.63	459.353	510.395
873	2.90667	209.534	460.016	511.971
874	2.91	209.435	460.848	513.588
875	2.91333	209.372	461.474	515.197
876	2.91667	209.174	462.221	516.808
877	2.92	209.076	462.91	518.475
878	2.92333	209.047	463.618	520.036
879	2.92667	208.91	464.333	521.723
880	2.93	208.849	465.055	523.29
881	2.93333	208.684	465.739	524.96
882	2.93667	208.614	466.389	526.587
883	2.94	208.453	467.167	528.187
884	2.94333	208.433	467.779	529.851
885	2.94667	208.361	468.465	531.412
886	2.95	208.223	469.198	533.13
887	2.95333	208.185	469.832	534.686
888	2.95667	208.12	470.495	536.34
889	2.96	207.971	471.198	537.961
890	2.96333	207.921	471.739	539.608
891	2.96667	207.862	472.504	541.245
892	2.97	207.868	473.143	542.892
893	2.97333	207.784	473.815	544.505
894	2.97667	207.678	474.526	546.156
895	2.98	207.646	475.123	547.844
896	2.98333	207.444	475.753	549.446
897	2.98667	207.475	476.446	551.108
898	2.99	207.437	477.104	552.696
899	2.99333	207.349	477.723	554.466
900	2.99667	207.273	478.313	555.984
901	3	207.218	478.934	557.669
902	3.00333	207.103	479.575	559.306
903	3.00667	207.069	480.212	561.048
904	3.01	206.939	480.745	562.641
905	3.01333	207.004	481.389	564.276
906	3.01667	206.954	482.095	565.892
907	3.02	206.841	482.692	567.652
908	3.02333	206.801	483.278	569.187
909	3.02667	206.774	483.824	570.911
910	3.03	206.611	484.403	572.526
911	3.03333	206.683	485.06	574.205
912	3.03667	206.548	485.685	575.933
913	3.04	206.618	486.206	577.502
914	3.04333	206.512	486.903	579.15
915	3.04667	206.44	487.405	580.985
916	3.05	206.383	487.895	582.487
917	3.05333	206.273	488.581	584.227
918	3.05667	206.201	489.147	585.896
919	3.06	206.203	489.666	587.575
920	3.06333	206.09	490.168	589.273
921	3.06667	206.095	490.855	590.912
922	3.07	206.014	491.401	592.546
923	3.07333	205.925	491.952	594.279
924	3.07667	205.943	492.409	595.961
925	3.08	205.761	492.958	597.674
926	3.08333	205.779	493.59	599.375
927	3.08667	205.768	494.094	600.973
928	3.09	205.629	494.657	602.751
929	3.09333	205.647	495.249	604.402
930	3.09667	205.572	495.702	606.106
931	3.1	205.465	496.148	607.846
932	3.10333	205.348	496.779	609.472
933	3.10667	205.263	497.218	611.245
934	3.11	205.24	497.748	612.906
935	3.11333	205.222	498.279	614.65
936	3.11667	205.124	498.857	616.291
937	3.12	205.128	499.283	617.966
938	3.12333	205.087	499.802	619.817
939	3.12667	204.963	500.366	621.346
940	3.13	204.955	500.843	623.202
941	3.13333	204.821	501.372	624.831
942	3.13667	204.784	501.719	626.578
943	3.14	204.732	502.304	628.29
944	3.14333	204.62	502.888	629.988
945	3.14667	204.65	503.314	631.691
946	3.15	204.559	503.824	633.377
947	3.15333	204.447	504.302	635.203
948	3.15667	204.429	504.757	636.782
949	3.16	204.382	505.277	638.56
950	3.16333	204.311	505.658	640.283
951	3.16667	204.251	506.172	641.944
952	3.17	204.083	506.727	643.755
953	3.17333	204.09	507.136	645.437
954	3.17667	204.054	507.59	647.087
955	3.18	203.901	508.045	648.966
956	3.18333	203.864	508.609	650.538
957	3.18667	203.77	508.956	652.401
958	3.19	203.688	509.447	654.037
959	3.19333	203.741	509.909	655.784
960	3.19667	203.519	510.413	657.461
961	3.2	203.487	510.802	659.28
962	3.20333	203.394	511.165	660.906
963	3.20667	203.33	511.745	662.696
964	3.21	203.21	512.169	664.431
965	3.21333	203.178	512.599	666.108
966	3.21667	203.062	512.997	667.903
967	3.22	203.019	513.453	669.587
968	3.22333	202.865	513.844	671.276
969	3.22667	202.837	514.294	673.059
970	3.23	202.825	514.669	674.787
971	3.23333	202.636	515.061	676.495
972	3.23667	202.6	515.625	678.249
973	3.24	202.467	515.886	679.955
974	3.24333	202.402	516.312	681.724
975	3.24667	202.303	516.675	683.497
976	3.25	202.231	517.193	685.154
977	3.25333	202.149	517.566	686.875
978	3.25667	202.133	517.993	688.693
979	3.26	202.088	518.352	690.359
980	3.26333	201.973	518.78	692.092
981	3.26667	201.894	519.137	693.856
982	3.27	201.725	519.425	695.63
983	3.27333	201.62	519.767	697.394
984	3.27667	201.575	520.174	699.06
985	3.28	201.447	520.571	700.867
986	3.28333	201.271	521.026	702.546
987	3.28667	201.233	521.328	704.362
988	3.29	201.088	521.661	706.013
989	3.29333	201.012	522.059	707.825
990	3.29667	200.855	522.422	709.486
991	3.3	200.74	522.718	711.291
992	3.30333	200.699	523.062	713.024
993	3.30667	200.628	523.403	714.722
994	3.31	200.555	523.848	716.52
995	3.31333	200.515	524.076	718.232
996	3.31667	200.372	524.433	719.956
997	3.32	200.209	524.743	721.748
998	3.32333	200.134	525.1	723.494
999	3.32667	199.984	525.292	725.19
1000	3.33	199.95	525.687	726.963
1001	3.33333	199.897	525.933	728.744
1002	3.33667	199.757	526.198	730.415
1003	3.34	199.541	526.578	732.215
1004	3.34333	199.46	526.827	733.96
1005	3.34667	199.26	527.089	735.739
1006	3.35	199.146	527.379	737.44
1007	3.35333	199.091	527.544	739.159
1008	3.35667	198.856	527.963	740.93
1009	3.36	198.791	528.137	742.736
1010	3.36333	198.625	528.378	744.424
1011	3.36667	198.46	528.669	746.172
1012	3.37	198.419	528.881	747.938
1013	3.37333	198.319	529.148	749.635
1014	3.37667	198.157	529.464	751.475
1015	3.38	198.088	529.602	753.168
1016	3.38333	197.998	529.803	754.991
1017	3.38667	197.75	530.183	756.667
1018	3.39	197.699	530.317	758.511
1019	3.39333	197.584	530.588	760.143
1020	3.39667	197.376	530.753	762.062
1021	3.4	197.276	530.921	763.647
1022	3.40333	197.148	531.059	765.522
1023	3.40667	196.945	531.377	767.178
1024	3.41	196.83	531.531	769.02
1025	3.41333	196.767	531.836	770.756
1026	3.41667	196.552	531.952	772.511
1027	3.42	196.513	532.061	774.286
1028	3.42333	196.35	532.278	776.079
1029	3.42667	196.191	532.533	777.768
1030	3.43	196.105	532.671	779.604
1031	3.43333	196.05	532.888	781.335
1032	3.43667	195.829	532.996	783.133
1033	3.44	195.697	533.103	784.903
1034	3.44333	195.642	533.342	786.626
1035	3.44667	195.4	533.546	788.408
1036	3.45	195.298	533.692	790.262
1037	3.45333	195.173	533.687	791.933
1038	3.45667	195.041	533.851	793.749
1039	3.46	194.866	533.944	795.564
1040	3.46333	194.818	533.99	797.244
1041	3.46667	194.656	534.259	799.152
1042	3.47	194.501	534.378	800.856
1043	3.47333	194.332	534.403	802.634
1044	3.47667	194.177	534.54	804.416
1045	3.48	194.043	534.64	806.229
1046	3.48333	193.987	534.737	807.903
1047	3.48667	193.792	534.844	809.792
1048	3.49	193.612	534.986	811.527
1049	3.49333	193.478	535.002	813.334
1050	3.49667	193.444	535.082	815.079
1051	3.5	193.306	535.122	816.885
1052	3.50333	193.155	535.203	818.733
1053	3.50667	193.016	535.216	820.39
1054	3.51	192.86	535.281	822.286
1055	3.51333	192.655	535.351	823.965
1056	3.51667	192.582	535.392	825.792
1057	3.52	192.457	535.553	827.51
1058	3.52333	192.236	535.469	829.284
1059	3.52667	192.154	535.606	831.08
1060	3.53	192.069	535.577	832.859
1061	3.53333	191.895	535.713	834.541
1062	3.53667	191.689	535.72	836.329
1063	3.54	191.586	535.777	838.139
1064	3.54333	191.399	535.763	839.836
1065	3.54667	191.24	535.821	841.723
1066	3.55	191.116	535.809	843.331
1067	3.55333	190.961	535.724	845.125
1068	3.55667	190.839	535.841	846.932
1069	3.56	190.597	535.873	848.678
1070	3.56333	190.553	535.824	850.414
1071	3.56667	190.272	535.746	852.208
1072	3.57	190.171	535.836	853.95
1073	3.57333	190.013	535.788	855.633
1074	3.57667	189.964	535.715	857.436
1075	3.58	189.762	535.669	859.266
1076	3.58333	189.572	535.696	860.971
1077	3.58667	189.494	535.717	862.757
1078	3.59	189.3	535.622	864.486
1079	3.59333	189.121	535.594	866.272
1080	3.59667	188.878	535.56	868.026
1081	3.6	188.824	535.459	869.727
1082	3.60333	188.685	535.424	871.523
1083	3.60667	188.418	535.366	873.271
1084	3.61	188.325	535.233	874.989
1085	3.61333	188.128	535.233	876.82
1086	3.61667	187.972	535.202	878.492
1087	3.62	187.706	535.19	880.259
1088	3.62333	187.555	535.098	882.009
1089	3.62667	187.377	534.975	883.783
1090	3.63	187.18	534.913	885.555
1091	3.63333	186.966	534.746	887.277
1092	3.63667	186.857	534.599	889.108
1093	3.64	186.7	534.573	890.801
1094	3.64333	186.45	534.508	892.586
1095	3.64667	186.191	534.408	894.334
1096	3.65	186.011	534.27	896.048
1097	3.65333	185.81	534.252	897.912
1098	3.65667	185.581	534.029	899.582
1099	3.66	185.421	533.877	901.403
1100	3.66333	185.29	533.816	903.095
1101	3.66667	185.067	533.63	904.887
1102	3.67	184.816	533.58	906.643
1103	3.67333	184.578	533.345	908.336
1104	3.67667	184.343	533.24	910.208
1105	3.68	184.049	533.219	911.988
1106	3.68333	183.816	532.972	913.76
1107	3.68667	183.675	532.889	915.522
1108	3.69	183.486	532.687	917.288
1109	3.69333	183.303	532.561	919.149
1110	3.69667	183.054	532.394	920.853
1111	3.7	182.85	532.22	922.665
1112	3.70333	182.51	532.107	924.401
1113	3.70667	182.296	531.878	926.211
1114	3.71	182.14	531.707	927.982
1115	3.71333	181.886	531.559	929.8
1116	3.71667	181.625	531.31	931.698
1117	3.72	181.391	531.161	933.449
1118	3.72333	181.132	530.903	935.233
1119	3.72667	180.769	530.726	937.022
1120	3.73	180.546	530.589	938.815
1121	3.73333	180.398	530.333	940.626
1122	3.73667	180.129	530.194	942.348
1123	3.74	179.826	529.912	944.171
1124	3.74333	179.577	529.773	945.97
1125	3.74667	179.313	529.468	947.777
1126	3.75	178.933	529.308	949.528
1127	3.75333	178.712	529.275	951.326
1128	3.75667	178.432	529.014	953.087
1129	3.76	178.131	528.776	955
1130	3.76333	177.913	528.538	956.705
1131	3.76667	177.583	528.301	958.579
1132	3.77	177.28	528.092	960.426
1133	3.77333	177.059	527.745	962.117
1134	3.77667	176.719	527.461	964.01
1135	3.78	176.444	527.252	965.76
1136	3.78333	176.237	526.873	967.589
1137	3.78667	175.973	526.593	969.426
1138	3.79	175.643	526.337	971.187
1139	3.79333	175.309	526.153	973.04
1140	3.79667	175.035	525.837	974.806
1141	3.8	174.733	525.648	976.62
1142	3.80333	174.451	525.264	978.49
1143	3.80667	174.082	525.057	980.285
1144	3.81	173.87	524.843	982.033
1145	3.81333	173.608	524.518	983.85
1146	3.81667	173.229	524.23	985.708
1147	3.82	172.919	523.952	987.549
1148	3.82333	172.717	523.61	989.273
1149	3.82667	172.374	523.38	991.076
1150	3.83	172.172	522.999	992.975
1151	3.83333	171.853	522.782	994.797
1152	3.83667	171.529	522.351	996.609
1153	3.84	171.251	522.017	998.408
1154	3.84333	170.916	521.739	1000.23
1155	3.84667	170.574	521.376	1001.962
1156	3.85	170.381	520.99	1003.885
1157	3.85333	170.105	520.632	1005.698
1158	3.85667	169.763	520.355	1007.476
1159	3.86	169.397	520.057	1009.345
1160	3.86333	169.121	519.769	1011.138
1161	3.86667	168.84	519.388	1013.03
1162	3.87	168.615	518.995	1014.813
1163	3.87333	168.233	518.705	1016.666
1164	3.87667	167.887	518.321	1018.515
1165	3.88	167.625	517.856	1020.281
1166	3.88333	167.33	517.598	1022.148
1167	3.88667	167.076	517.196	1023.982
1168	3.89	166.707	516.815	1025.843
1169	3.89333	166.598	516.392	1027.623
1170	3.89667	166.2	516.002	1029.475
1171	3.9	165.834	515.594	1031.312
1172	3.90333	165.563	515.208	1033.132
1173	3.90667	165.298	514.693	1034.957
1174	3.91	165.079	514.352	1036.816
1175	3.91333	164.814	514.016	1038.607
1176	3.91667	164.366	513.57	1040.469
1177	3.92	164.191	513.255	1042.176
1178	3.92333	163.95	512.835	1044.07
1179	3.92667	163.589	512.35	1045.943
1180	3.93	163.379	511.91	1047.689
1181	3.93333	163.011	511.524	1049.532
1182	3.93667	162.818	511.098	1051.334
1183	3.94	162.534	510.732	1053.197
1184	3.94333	162.284	510.199	1054.997
1185	3.94667	162.021	509.815	1056.933
1186	3.95	161.69	509.305	1058.636
1187	3.95333	161.417	508.859	1060.414
1188	3.95667	161.218	508.472	1062.396
1189	3.96	160.896	507.955	1064.187
1190	3.96333	160.721	507.614	1065.976
1191	3.96667	160.413	507.073	1067.868
1192	3.97	160.111	506.636	1069.547
1193	3.97333	159.87	506.164	1071.401
1194	3.97667	159.596	505.597	1073.267
1195	3.98	159.368	505.233	1075.158
1196	3.98333	159.15	504.736	1076.892
1197	3.98667	158.823	504.219	1078.727
1198	3.99	158.646	503.664	1080.528
1199	3.99333	158.38	503.278	1082.299
1200	3.99667	158.108	502.763	1084.167
1201	4	157.898	502.228	1086.021
1202	4.00333	157.673	501.777	1087.831
1203	4.00667	157.515	501.26	1089.639
1204	4.01	157.238	500.729	1091.562
1205	4.01333	156.918	500.262	1093.228
1206	4.01667	156.76	499.74	1095.04
1207	4.02	156.539	499.259	1096.978
1208	4.02333	156.413	498.668	1098.703
1209	4.02667	156.111	498.257	1100.532
1210	4.03	155.862	497.701	1102.371
1211	4.03333	155.745	497.09	1104.252
1212	4.03667	155.456	496.618	1105.946
1213	4.04	155.328	496.133	1107.721
1214	4.04333	155.119	495.583	1109.569
1215	4.04667	154.93	494.995	1111.356
1216	4.05	154.766	494.456	1113.285
1217	4.05333	154.469	493.84	1115.089
1218	4.05667	154.34	493.402	1116.831
1219	4.06	154.179	492.8	1118.613
1220	4.06333	153.982	492.174	1120.457
1221	4.06667	153.825	491.677	1122.215
1222	4.07	153.589	490.986	1124.09
1223	4.07333	153.51	490.486	1126.016
1224	4.07667	153.331	489.909	1127.735
1225	4.08	153.185	489.23	1129.523
1226	4.08333	153.036	488.652	1131.368
1227	4.08667	152.895	487.931	1133.189
1228	4.09	152.767	487.397	1134.902
1229	4.09333	152.6	486.865	1136.76
1230	4.09667	152.405	486.184	1138.678
1231	4.1	152.344	485.61	1140.515
1232	4.10333	152.1	484.888	1142.255
1233	4.10667	152.062	484.31	1144.108
1234	4.11	151.962	483.757	1145.898
1235	4.11333	151.693	483.162	1147.652
1236	4.11667	151.659	482.508	1149.634
1237	4.12	151.407	481.792	1151.413
1238	4.12333	151.294	481.299	1153.167
1239	4.12667	151.232	480.726	1155.045
1240	4.13	151.091	479.971	1156.873
1241	4.13333	151.028	479.361	1158.749
1242	4.13667	150.873	478.547	1160.426
1243	4.14	150.826	477.94	1162.295
1244	4.14333	150.686	477.255	1164.092
1245	4.14667	150.53	476.626	1165.82
1246	4.15	150.557	475.937	1167.841
1247	4.15333	150.292	475.239	1169.59
1248	4.15667	150.249	474.655	1171.331
1249	4.16	150.22	473.927	1173.167
1250	4.16333	150.015	473.218	1175.011
1251	4.16667	150.022	472.561	1176.847
1252	4.17	149.906	471.946	1178.611
1253	4.17333	149.809	471.239	1180.487
1254	4.17667	149.659	470.467	1182.37
1255	4.18	149.628	469.697	1184.078
1256	4.18333	149.593	469.117	1185.944
1257	4.18667	149.531	468.4	1187.796
1258	4.19	149.493	467.636	1189.497
1259	4.19333	149.363	466.881	1191.413
1260	4.19667	149.243	466.119	1193.17
1261	4.2	149.172	465.539	1194.977
1262	4.20333	148.996	464.682	1196.82
1263	4.20667	148.996	464.047	1198.549
1264	4.21	148.894	463.198	1200.366
1265	4.21333	148.806	462.518	1202.222
1266	4.21667	148.816	461.763	1204
1267	4.22	148.737	460.974	1205.87
1268	4.22333	148.768	460.237	1207.717
1269	4.22667	148.621	459.533	1209.476
1270	4.23	148.571	458.831	1211.28
1271	4.23333	148.459	458.006	1213.016
1272	4.23667	148.619	457.393	1214.913
1273	4.24	148.484	456.687	1216.689
1274	4.24333	148.313	455.768	1218.431
1275	4.24667	148.349	454.962	1220.124
1276	4.25	148.297	454.155	1222.05
1277	4.25333	148.294	453.482	1223.923
1278	4.25667	148.263	452.758	1225.606
1279	4.26	148.282	451.927	1227.469
1280	4.26333	148.2	451.223	1229.341
1281	4.26667	148.093	450.45	1231.002
1282	4.27	148.211	449.624	1232.847
1283	4.27333	148.371	448.873	1234.702
1284	4.27667	148.036	447.901	1236.332
1285	4.28	148.132	447.285	1238.136
1286	4.28333	147.93	446.462	1240.001
1287	4.28667	147.926	445.569	1241.857
1288	4.29	147.998	444.924	1243.604
1289	4.29333	147.902	444.079	1245.321
1290	4.29667	147.947	443.218	1247.152
1291	4.3	147.994	442.377	1248.937
1292	4.30333	148.066	441.635	1250.808
1293	4.30667	147.903	440.794	1252.417
1294	4.31	147.786	439.958	1254.183
1295	4.31333	147.883	439.183	1255.996
1296	4.31667	147.749	438.436	1257.761
1297	4.32	147.736	437.606	1259.538
1298	4.32333	147.645	436.627	1261.31
1299	4.32667	147.962	435.953	1263.164
1300	4.33	147.915	435.204	1264.901
1301	4.33333	147.818	434.246	1266.633
1302	4.33667	147.87	433.482	1268.415
1303	4.34	147.684	432.672	1270.26
1304	4.34333	147.875	431.863	1271.859
1305	4.34667	147.978	430.977	1273.648
1306	4.35	147.936	430.052	1275.5
1307	4.35333	148.192	429.417	1277.237
1308	4.35667	147.775	428.477	1279.065
1309	4.36	147.872	427.793	1281.053
1310	4.36333	147.833	426.927	1282.764
1311	4.36667	147.973	426.203	1284.521
1312	4.37	147.922	425.152	1286.345
1313	4.37333	147.982	424.347	1288.123
1314	4.37667	148.154	423.692	1289.925
1315	4.38	147.844	422.765	1291.548
1316	4.38333	147.912	421.898	1293.405
1317	4.38667	148.094	421.118	1295.378
1318	4.39	147.975	420.229	1297.033
1319	4.39333	148.105	419.369	1298.727
1320	4.39667	148.372	418.519	1300.599
1321	4.4	148.15	417.732	1302.284
1322	4.40333	148.286	416.979	1304.069
1323	4.40667	148.065	415.91	1305.653
1324	4.41	148.083	415.098	1307.414
1325	4.41333	148.251	414.189	1309.162
1326	4.41667	148.217	413.406	1311.021
1327	4.42	148.228	412.624	1312.684
1328	4.42333	148.282	411.822	1314.47
1329	4.42667	148.365	410.866	1316.133
1330	4.43	148.495	409.933	1317.858
1331	4.43333	148.555	409.095	1319.591
1332	4.43667	148.423	408.21	1321.359
1333	4.44	148.328	407.242	1322.821
1334	4.44333	148.602	406.638	1324.296
1335	4.44667	148.843	405.842	1325.924
1336	4.45	148.716	404.861	1327.385
1337	4.45333	148.846	403.863	1328.849
1338	4.45667	148.943	403.142	1330.569
1339	4.46	148.754	402.267	1331.889
1340	4.46333	148.913	401.44	1333.361
1341	4.46667	148.963	400.537	1334.615
1342	4.47	148.981	399.532	1336.087
1343	4.47333	149.025	398.692	1337.466
1344	4.47667	148.86	397.896	1338.822
1345	4.48	149.042	397.161	1340.07
1346	4.48333	149.147	396.152	1341.257
1347	4.48667	148.877	395.184	1342.691
1348	4.49	149.26	394.448	1343.686
1349	4.49333	149.21	393.575	1344.804
1350	4.49667	149.128	392.577	1346.095
1351	4.5	149.324	391.901	1346.877
1352	4.50333	149.43	390.965	1348.052
1353	4.50667	149.199	390.101	1349.232
1354	4.51	149.351	389.267	1349.939
1355	4.51333	149.39	388.426	1350.844
1356	4.51667	149.415	387.414	1351.837
1357	4.52	149.481	386.632	1352.503
1358	4.52333	149.38	385.816	1353.436
1359	4.52667	149.52	384.942	1353.999
1360	4.53	149.542	384.127	1354.723
1361	4.53333	149.712	383.194	1355.524
1362	4.53667	149.573	382.413	1356.074
1363	4.54	149.596	381.627	1356.635
1364	4.54333	149.699	380.674	1357.282
1365	4.54667	149.669	379.751	1357.812
1366	4.55	149.752	378.941	1358.084
1367	4.55333	149.684	378.041	1358.669
1368	4.55667	149.882	377.293	1358.955
1369	4.56	149.743	376.408	1359.452
1370	4.56333	149.85	375.572	1359.431
1371	4.56667	149.893	374.62	1359.835
1372	4.57	150.023	373.883	1359.876
1373	4.57333	149.981	372.961	1360.267
1374	4.57667	149.994	372.164	1360.067
1375	4.58	150.129	371.314	1360.153
1376	4.58333	150.296	370.422	1360.046
1377	4.58667	150.191	369.635	1360.149
1378	4.59	150.308	368.691	1360.196
1379	4.59333	150.344	367.863	1359.932
1380	4.59667	150.318	366.955	1359.794
1381	4.6	150.249	366.151	1359.579
1382	4.60333	150.256	365.303	1359.416
1383	4.60667	150.545	364.499	1358.963
1384	4.61	150.492	363.609	1358.683
1385	4.61333	150.531	362.717	1358.082
1386	4.61667	150.607	361.879	1357.623
1387	4.62	150.61	361.117	1357.124
1388	4.62333	150.661	360.249	1356.527
1389	4.62667	150.645	359.451	1356.098
1390	4.63	150.932	358.547	1355.326
1391	4.63333	150.734	357.766	1354.772
1392	4.63667	150.867	356.903	1353.756
1393	4.64	150.908	356.089	1352.946
1394	4.64333	150.872	355.257	1352.155
1395	4.64667	150.996	354.326	1351.183
1396	4.65	150.908	353.642	1350.504
1397	4.65333	151.192	352.775	1349.396
1398	4.65667	151.122	351.911	1348.172
1399	4.66	151.137	351.123	1347.173
1400	4.66333	151.182	350.377	1345.976
1401	4.66667	151.247	349.465	1344.878
1402	4.67	151.294	348.817	1343.398
1403	4.67333	151.364	347.965	1342.159
1404	4.67667	151.43	347.151	1340.885
1405	4.68	151.601	346.315	1339.472
1406	4.68333	151.526	345.532	1338.068
1407	4.68667	151.595	344.705	1336.442
1408	4.69	151.587	344.028	1334.86
1409	4.69333	151.651	343.039	1333.287
1410	4.69667	151.74	342.305	1331.698
1411	4.7	151.749	341.576	1330.054
1412	4.70333	151.724	340.703	1328.348
1413	4.70667	151.84	339.924	1326.514
1414	4.71	151.858	339.104	1324.8
1415	4.71333	151.976	338.347	1322.746
1416	4.71667	151.961	337.497	1320.817
1417	4.72	151.985	336.617	1318.843
1418	4.72333	152.032	335.951	1316.739
1419	4.72667	152.138	335.114	1314.634
1420	4.73	152.175	334.385	1312.469
1421	4.73333	152.277	333.6	1310.397
1422	4.73667	152.52	332.854	1308.163
1423	4.74	152.486	332.073	1305.816
1424	4.74333	152.517	331.24	1303.423
1425	4.74667	152.521	330.485	1301.053
1426	4.75	152.58	329.765	1298.52
1427	4.75333	152.657	328.926	1295.985
1428	4.75667	152.722	328.235	1293.45
1429	4.76	152.796	327.512	1290.878
1430	4.76333	152.96	326.709	1288.342
1431	4.76667	152.888	325.918	1285.583
1432	4.77	153.05	325.145	1282.785
1433	4.77333	153.121	324.396	1280.014
1434	4.77667	153.148	323.696	1277.267
1435	4.78	153.398	322.936	1274.478
1436	4.78333	153.383	322.037	1271.436
1437	4.78667	153.349	321.46	1268.577
1438	4.79	153.499	320.692	1265.496
1439	4.79333	153.588	319.901	1262.561
1440	4.79667	153.642	319.169	1259.399
1441	4.8	153.768	318.373	1256.317
1442	4.80333	153.786	317.742	1253.241
1443	4.80667	153.935	316.904	1249.98
1444	4.81	154.072	316.221	1246.754
1445	4.81333	154.025	315.486	1243.536
1446	4.81667	154.017	314.858	1240.307
1447	4.82	154.223	314.01	1236.772
1448	4.82333	154.388	313.26	1233.561
1449	4.82667	154.365	312.563	1230.113
1450	4.83	154.412	311.916	1226.659
1451	4.83333	154.603	311.101	1223.186
1452	4.83667	154.646	310.384	1219.722
1453	4.84	154.766	309.684	1216.18
1454	4.84333	154.827	309.007	1212.614
1455	4.84667	154.945	308.286	1208.996
1456	4.85	154.951	307.548	1205.409
1457	4.85333	155.07	306.877	1201.783
1458	4.85667	155.236	306.146	1198.075
1459	4.86	155.232	305.504	1194.332
1460	4.86333	155.358	304.759	1190.735
1461	4.86667	155.497	304.076	1186.907
1462	4.87	155.625	303.328	1183.257
1463	4.87333	155.72	302.793	1179.224
1464	4.87667	155.891	302.071	1175.471
1465	4.88	155.879	301.286	1171.7
1466	4.88333	156.05	300.639	1167.82
1467	4.88667	156.132	300.042	1164.056
1468	4.89	156.164	299.357	1160.01
1469	4.89333	156.354	298.58	1156.078
1470	4.89667	156.48	297.849	1152.221
1471	4.9	156.457	297.24	1148.212
1472	4.90333	156.634	296.69	1144.388
1473	4.90667	156.808	295.83	1140.402
1474	4.91	156.807	295.179	1136.414
1475	4.91333	157.105	294.523	1132.365
1476	4.91667	157.098	293.977	1128.343
1477	4.92	157.287	293.269	1124.43
1478	4.92333	157.423	292.593	1120.328
1479	4.92667	157.441	291.824	1116.336
1480	4.93	157.606	291.382	1112.228
1481	4.93333	157.778	290.701	1108.208
1482	4.93667	157.898	290.029	1104.055
1483	4.94	158.036	289.425	1099.995
1484	4.94333	158.11	288.743	1095.927
1485	4.94667	158.306	288.214	1091.711
1486	4.95	158.442	287.603	1087.509
1487	4.95333	158.546	286.914	1083.339
1488	4.95667	158.818	286.325	1079.27
1489	4.96	158.807	285.657	1075.023
1490	4.96333	159.047	284.975	1070.736
1491	4.96667	159.121	284.583	1066.662
1492	4.97	159.346	283.872	1062.427
1493	4.97333	159.372	283.299	1058.288
1494	4.97667	159.604	282.658	1054.008
1495	4.98	159.805	282.154	1049.771
1496	4.98333	159.882	281.532	1045.595
1497	4.98667	160.129	281.13	1041.481
1498	4.99	160.258	280.36	1037.168
1499	4.99333	160.435	279.874	1033.066
1500	4.99667	160.508	279.284	1028.825
1501	5	160.707	278.7	1024.592
1502	5.00333	160.883	278.335	1020.51
1503	5.00667	161.166	277.565	1016.138
1504	5.01	161.233	277.124	1011.84
1505	5.01333	161.478	276.556	1007.661
1506	5.01667	161.657	275.996	1003.355
1507	5.02	161.887	275.483	999.241
1508	5.02333	162.104	274.956	994.83
1509	5.02667	162.233	274.508	990.578
1510	5.03	162.432	273.881	986.339
1511	5.03333	162.606	273.386	982.022
1512	5.03667	162.961	272.885	977.861
1513	5.04	163.109	272.487	973.621
1514	5.04333	163.433	272.037	969.258
1515	5.04667	163.593	271.424	965.072
1516	5.05	163.81	271.043	960.768
1517	5.05333	164.023	270.527	956.437
1518	5.05667	164.212	270.094	952.18
1519	5.06	164.397	269.381	947.802
1520	5.06333	164.713	269.193	943.619
1521	5.06667	164.916	268.695	939.175
1522	5.07	165.221	268.229	934.964
1523	5.07333	165.394	267.785	930.712
1524	5.07667	165.641	267.365	926.347
1525	5.08	165.885	267.04	922.111
1526	5.08333	166.208	266.503	917.78
1527	5.08667	166.437	266.118	913.591
1528	5.09	166.671	265.886	909.187
1529	5.09333	167	265.437	904.813
1530	5.09667	167.257	265.118	900.609
1531	5.1	167.427	264.595	896.224
1532	5.10333	167.711	264.397	891.834
1533	5.10667	167.928	264.073	887.588
1534	5.11	168.127	263.641	883.023
1535	5.11333	168.342	263.368	878.825
1536	5.11667	168.623	262.937	874.435
1537	5.12	168.844	262.646	870.079
1538	5.12333	169.095	262.447	865.814
1539	5.12667	169.426	262.036	861.405
1540	5.13	169.637	261.796	856.974
1541	5.13333	169.941	261.51	852.633
1542	5.13667	170.147	261.195	848.219
1543	5.14	170.418	260.969	843.8
1544	5.14333	170.583	260.661	839.39
1545	5.14667	170.909	260.384	835.005
1546	5.15	171.164	260.173	830.595
1547	5.15333	171.503	259.945	826.201
1548	5.15667	171.751	259.679	821.707
1549	5.16	172.053	259.528	817.354
1550	5.16333	172.278	259.325	812.852
1551	5.16667	172.567	259.041	808.376
1552	5.17	172.781	258.95	803.993
1553	5.17333	173.027	258.747	799.433
1554	5.17667	173.444	258.651	794.887
1555	5.18	173.553	258.533	790.421
1556	5.18333	173.916	258.428	785.912
1557	5.18667	174.193	258.219	781.486
1558	5.19	174.33	258.141	776.932
1559	5.19333	174.694	258.127	772.488
1560	5.19667	175.002	257.965	767.943
1561	5.2	175.284	257.889	763.364
1562	5.20333	175.499	257.911	758.868
1563	5.20667	175.812	257.701	754.27
1564	5.21	176.108	257.648	749.793
1565	5.21333	176.348	257.728	745.189
1566	5.21667	176.761	257.681	740.629
1567	5.22	176.988	257.696	736.1
1568	5.22333	177.264	257.657	731.514
1569	5.22667	177.573	257.77	727.031
1570	5.23	177.777	257.742	722.267
1571	5.23333	178.203	257.832	717.737
1572	5.23667	178.427	257.877	713.2
1573	5.24	178.645	257.938	708.495
1574	5.24333	179.084	258.029	703.921
1575	5.24667	179.463	258.201	699.333
1576	5.25	179.664	258.287	694.764
1577	5.25333	180.011	258.351	690.099
1578	5.25667	180.197	258.484	685.378
1579	5.26	180.571	258.618	680.732
1580	5.26333	180.985	258.813	676.113
1581	5.26667	181.088	258.957	671.486
1582	5.27	181.52	259.098	666.822
1583	5.27333	181.876	259.359	662.072
1584	5.27667	182.083	259.537	657.541
1585	5.28	182.48	259.795	652.791
1586	5.28333	182.759	259.979	648.125
1587	5.28667	183.108	260.133	643.491
1588	5.29	183.417	260.383	638.717
1589	5.29333	183.839	260.735	634.178
1590	5.29667	184.064	260.918	629.421
1591	5.3	184.39	261.261	624.807
1592	5.30333	184.786	261.469	619.957
1593	5.30667	185.132	261.757	615.355
1594	5.31	185.43	262.144	610.699
1595	5.31333	185.804	262.638	605.941
1596	5.31667	186.089	262.857	601.251
1597	5.32	186.444	263.228	596.58
1598	5.32333	186.825	263.43	591.773
1599	5.32667	187.185	263.991	587.123
1600	5.33	187.51	264.297	582.376
1601	5.33333	187.735	264.797	577.709
1602	5.33667	188.285	265.126	573.007
1603	5.34	188.545	265.506	568.247
1604	5.34333	188.899	265.98	563.511
1605	5.34667	189.231	266.37	558.829
1606	5.35	189.595	266.949	554.097
1607	5.35333	189.968	267.325	549.439
1608	5.35667	190.172	267.898	544.645
1609	5.36	190.669	268.397	539.909
1610	5.36333	190.995	269.019	535.212
1611	5.36667	191.389	269.312	530.424
1612	5.37	191.684	269.904	525.82
1613	5.37333	192.057	270.424	520.94
1614	5.37667	192.486	271.094	516.287
1615	5.38	192.719	271.603	511.6
1616	5.38333	193.081	272.08	506.85
1617	5.38667	193.447	272.87	502.162
1618	5.39	193.85	273.375	497.407
1619	5.39333	194.054	274.073	492.622
1620	5.39667	194.585	274.532	487.929
1621	5.4	194.932	275.145	483.242
1622	5.40333	195.305	275.799	478.49
1623	5.40667	195.558	276.528	473.752
1624	5.41	196.02	277.132	469.091
1625	5.41333	196.342	277.867	464.325
1626	5.41667	196.744	278.5	459.645
1627	5.42	196.972	279.242	454.885
1628	5.42333	197.411	279.853	450.156
1629	5.42667	197.837	280.697	445.568
1630	5.43	198.174	281.41	440.705
1631	5.43333	198.434	282.129	436.031
1632	5.43667	198.849	282.84	431.416
1633	5.44	199.101	283.565	426.666
1634	5.44333	199.634	284.323	421.951
1635	5.44667	199.833	285.095	417.285
1636	5.45	200.329	285.853	412.44
1637	5.45333	200.625	286.691	407.839
1638	5.45667	201.135	287.488	403.182
1639	5.46	201.348	288.299	398.452
1640	5.46333	201.715	289.126	393.698
1641	5.46667	202.093	289.961	389.167
1642	5.47	202.486	290.783	384.395
1643	5.47333	202.831	291.646	379.735
1644	5.47667	203.129	292.637	375.046
1645	5.48	203.591	293.399	370.453
1646	5.48333	203.896	294.37	365.614
1647	5.48667	204.299	295.272	361.061
1648	5.49	204.572	296.133	356.33
1649	5.49333	205.004	296.985	351.722
1650	5.49667	205.303	298.016	347.006
1651	5.5	205.655	298.925	342.325
1652	5.50333	206.024	299.868	337.664
1653	5.50667	206.313	300.791	333.098
1654	5.51	206.725	301.758	328.391
1655	5.51333	206.95	302.721	323.706
1656	5.51667	207.414	303.712	319.076
1657	5.52	207.72	304.677	314.529
1658	5.52333	208.045	305.655	309.819
1659	5.52667	208.396	306.718	305.153
1660	5.53	208.78	307.857	300.569
1661	5.53333	209.154	308.71	295.913
1662	5.53667	209.32	309.784	291.253
1663	5.54	209.726	310.86	286.616
1664	5.54333	210.076	311.933	282.082
1665	5.54667	210.343	312.988	277.372
1666	5.55	210.721	313.982	272.723
1667	5.55333	210.986	315.047	268.167
1668	5.55667	211.451	316.073	263.523
1669	5.56	211.673	317.293	258.907
1670	5.56333	211.981	318.307	254.238
1671	5.56667	212.4	319.289	249.624
1672	5.57	212.614	320.432	245.047
1673	5.57333	213.03	321.544	240.408
1674	5.57667	213.312	322.704	235.808
1675	5.58	213.614	323.806	231.241
1676	5.58333	213.968	324.855	226.648
1677	5.58667	214.26	326.053	221.962
1678	5.59	214.572	327.135	217.387
1679	5.59333	214.82	328.415	212.775
1680	5.59667	215.088	329.583	208.294
1681	5.6	215.39	330.75	203.676
1682	5.60333	215.692	331.862	199.064
1683	5.60667	216.026	333.09	194.423
1684	5.61	216.235	334.213	189.846
1685	5.61333	216.587	335.449	185.296
1686	5.61667	216.839	336.549	180.73
1687	5.62	217.18	337.884	176.142
1688	5.62333	217.453	338.997	171.579
1689	5.62667	217.619	340.257	166.98
1690	5.63	217.957	341.442	162.433
1691	5.63333	218.225	342.651	157.906
1692	5.63667	218.499	343.864	153.383
1693	5.64	218.772	345.114	148.832
1694	5.64333	219.144	346.107	144.293
1695	5.64667	219.421	347.451	139.777
1696	5.65	219.733	348.636	135.235
1697	5.65333	219.883	349.89	130.772
1698	5.65667	220.227	351.265	126.322
1699	5.66	220.399	352.336	121.712
1700	5.66333	220.665	353.677	117.188
1701	5.66667	220.908	354.963	112.855
1702	5.67	221.17	356.193	108.259
1703	5.67333	221.372	357.43	103.768
1704	5.67667	221.546	358.718	99.277
1705	5.68	221.778	360.043	94.833
1706	5.68333	222.117	361.282	90.435
1707	5.68667	222.291	362.611	86.115
1708	5.69	222.434	363.951	81.645
1709	5.69333	222.667	365.131	77.158
1710	5.69667	222.945	366.396	72.884
1711	5.7	223.189	367.708	68.638
1712	5.70333	223.434	369.015	64.315
1713	5.70667	223.671	370.291	59.941
1714	5.71	223.826	371.508	55.691
1715	5.71333	224.024	372.91	51.475
1716	5.71667	224.274	374.155	47.287
1717	5.72	224.461	375.483	43.127
1718	5.72333	224.83	375.683	42.492
1719	5.72667	225.046	376.149	44.733
1720	5.73	225.088	376.368	46.095
1721	5.73333	225.286	376.137	47.688
1722	5.73667	225.495	376.128	49.42
1723	5.74	225.624	376.106	50.989
1724	5.74333	225.826	375.958	52.586
1725	5.74667	225.963	376.063	54.158
1726	5.75	226.084	375.995	55.832
1727	5.75333	226.219	375.971	57.348
1728	5.75667	226.405	375.925	59.069
1729	5.76	226.523	375.893	60.613
1730	5.76333	226.761	375.867	62.32
1731	5.76667	226.83	375.758	63.743
1732	5.77	226.99	375.743	65.446
1733	5.77333	227.047	375.738	66.954
1734	5.77667	227.243	375.786	68.543
1735	5.78	227.336	375.66	70.071
1736	5.78333	227.523	375.679	71.541
1737	5.78667	227.677	375.586	72.999
1738	5.79	227.752	375.615	74.374
1739	5.79333	227.797	375.539	75.682
1740	5.79667	227.932	375.497	77.079
1741	5.8	227.918	375.491	78.223
1742	5.80333	228.13	375.436	79.504
1743	5.80667	228.173	375.409	80.742
1744	5.81	228.21	375.308	81.725
1745	5.81333	228.342	375.291	82.84
1746	5.81667	228.356	375.199	83.919
1747	5.82	228.404	375.163	84.764
1748	5.82333	228.488	375.208	85.672
1749	5.82667	228.627	375.149	86.59
1750	5.83	228.735	375.017	87.357
1751	5.83333	228.768	374.957	88.023
1752	5.83667	228.757	374.959	88.685
1753	5.84	228.81	374.945	89.273
1754	5.84333	228.844	374.895	89.885
1755	5.84667	229.061	374.685	90.333
1756	5.85	229.13	374.696	90.659
1757	5.85333	229.155	374.579	91.004
1758	5.85667	229.183	374.551	91.256
1759	5.86	229.177	374.454	91.444
1760	5.86333	229.209	374.432	91.53
1761	5.86667	229.187	374.417	91.543
1762	5.87	229.224	374.361	91.504
1763	5.87333	229.245	374.344	91.395
1764	5.87667	229.244	374.299	91.181
1765	5.88	229.293	374.251	90.929
1766	5.88333	229.282	374.234	90.549
1767	5.88667	229.306	374.152	90.165
1768	5.89	229.254	374.165	89.641
1769	5.89333	229.202	374.144	88.985
1770	5.89667	229.216	374.062	88.331
1771	5.9	229.248	374.037	87.704
1772	5.90333	229.238	373.998	86.866
1773	5.90667	229.15	374.004	85.905
1774	5.91	229.081	373.961	84.864
1775	5.91333	229.032	374.014	83.931
1776	5.91667	228.966	373.97	82.667
1777	5.92	228.847	373.952	81.495
1778	5.92333	228.867	373.915	80.151
1779	5.92667	228.712	373.991	78.782
1780	5.93	228.692	373.936	77.223
1781	5.93333	228.622	374.027	75.797
1782	5.93667	228.562	373.956	73.927
1783	5.94	228.635	373.825	72.373
1784	5.94333	228.533	373.77	70.489
1785	5.94667	228.448	373.81	68.581
1786	5.95	228.361	373.818	66.605
1787	5.95333	228.247	373.797	64.566
1788	5.95667	228.177	373.857	62.294
1789	5.96	228.047	373.828	60.04
1790	5.96333	227.975	373.886	57.768
1791	5.96667	227.852	373.875	55.403
1792	5.97	227.673	373.942	52.795
1793	5.97333	227.755	374.035	50.329
1794	5.97667	228.861	374.422	49.592
1795	5.98	230.692	374.692	49.283
1796	5.98333	232.206	375.071	48.724
1797	5.98667	233.847	375.442	48.21
1798	5.99	235.506	375.75	47.35
1799	5.99333	236.945	376.1	46.464
1800	5.99667	238.217	376.242	45.896
1801	6	238.628	376.365	46.778
1802	6.00333	238.769	376.37	47.366
1803	6.00667	239.019	376.442	48.066
1804	6.01	239.175	376.596	48.622
1805	6.01333	239.359	376.718	49.193
1806	6.01667	239.586	376.824	49.553
1807	6.02	239.784	376.87	49.825
1808	6.02333	240.004	376.97	49.988
1809	6.02667	240.247	377.088	50.048
1810	6.03	240.513	377.205	50.065
1811	6.03333	240.684	377.301	49.96
1812	6.03667	240.882	377.433	49.772
1813	6.04	241.112	377.598	49.443
1814	6.04333	241.357	377.713	49.096
1815	6.04667	241.792	377.628	48.778
1816	6.05	242.04	377.829	48.177
1817	6.05333	242.251	377.985	47.577
1818	6.05667	242.414	378.126	46.859
1819	6.06	242.743	378.422	46.146
1820	6.06333	243.302	378.941	45.67
1821	6.06667	243.663	379.26	44.946
1822	6.07	244.336	379.451	44.408
1823	6.07333	244.95	379.527	43.965
1824	6.07667	245.189	379.385	43.906
1825	6.08	245.458	379.322	43.92
1826	6.08333	245.614	379.233	43.886
1827	6.08667	245.837	379.294	43.847
1828	6.09	246.007	379.36	43.851
1829	6.09333	246.215	379.357	43.903
1830	6.09667	246.295	379.362	43.936
